1000000	1	1	1.74204	1.92004	17	
6967871	1	7	3.602	6.59197	21	
13997521	1	14	3.55141	8.66628	27	
28094464	1	28	4.22865	9.47316	29	
111980168	1	112	4.49575	10.1969	31	
447697125	1	448	5.59198	11.1745	33	
1793613375      1       1792    6.68604 14.1718 41
13997521	14	1	5.45405	7.55214	23	
28094464	14	2	8.46547	8.99439	24	
111980168	14	8	9.04454	11.4767	30	
447697125	14	32	16.3297	14.9974	38	
1793613375	14	128	23.7729	16.7946	42	
28094464	28	1	10.7586	8.74477	24	
111980168	28	4	13.8868	10.9373	26	
447697125	28	16	23.0468	17.6055	39	
1793613375      28      64      20.6974 19.6108 43

