16777216	1	1	34.0045	44.4654	23	
16777216	1	7	8.08053	20.9524	27	
16777216	1	14	4.31302	10.3923	27	
16777216	1	28	2.37287	5.43539	28	
16777216	1	112	0.879413	1.36199	27	
16777216	1	448	0.375969	0.401065	28	
16777216	1	1792	0.205866	0.13798	27	
16777216	14	1	6.90893	8.84768	23	
16777216	14	2	5.24681	4.9712	23	
16777216	14	8	1.7543	1.74983	27	
16777216	14	32	0.871695	0.537496	28	
16777216	14	128	0.475156	0.174986	27
16777216	28	1	5.75056	4.77414	23	
16777216	28	4	2.57521	1.56732	25	
16777216	28	16	1.25659	0.720044	27	
16777216	28	64	0.576474	0.375552	27	

