4773588 1       28      0.800222        21.378  20
4773588 1       112     0.201987        6.5927  25
4773588 1       448     0.071229        3.92384 30
4773588 1       1792    0.393172        21.088  28
4773588 14      2       1.6488  7.90457 6
4773588 14      8       0.535518        4.24581 12
4773588 14      32      0.196087        2.48921 23
4773588 14      128     0.072823        1.15749 27
4773588 28      1       2.87909 2.82234 2
4773588 28      4       0.932783        2.5695  6
4773588 28      16      0.37419 3.00822 15
4773588 28      64      0.138253        4.12218 22

