1 713456 170 8.653601e-01 4.448387e+01
1 713456 170 8.499803e-01 4.472160e+01
1 713456 170 8.348883e-01 4.453749e+01
1 713456 170 8.556753e-01 4.469532e+01
1 713456 170 8.407397e-01 4.465648e+01
2 713456 170 4.915102e-01 2.270335e+01
2 713456 170 4.815311e-01 2.254892e+01
2 713456 170 4.828391e-01 2.272515e+01
2 713456 170 4.914109e-01 2.254155e+01
2 713456 170 4.925580e-01 2.287626e+01
4 713456 170 3.162915e-01 1.291202e+01
4 713456 170 3.265606e-01 1.262224e+01
4 713456 170 3.271927e-01 1.273547e+01
4 713456 170 3.269365e-01 1.262899e+01
4 713456 170 3.238105e-01 1.263024e+01
8 713456 170 2.664910e-01 7.448482e+00
8 713456 170 2.630630e-01 7.395736e+00
8 713456 170 2.646705e-01 7.456555e+00
8 713456 170 2.637801e-01 7.418324e+00
8 713456 170 2.548573e-01 7.362884e+00
16 713456 170 2.482144e-01 5.140750e+00
16 713456 170 2.511313e-01 5.161648e+00
16 713456 170 2.486967e-01 5.173181e+00
16 713456 170 2.479026e-01 5.058671e+00
16 713456 170 2.515660e-01 5.179170e+00
