1 200 38 1.165149e+00 1.908542e+01
1 200 38 1.024421e+00 1.904947e+01
1 200 38 1.032299e+00 1.904776e+01
1 200 38 1.032253e+00 1.902312e+01
1 200 38 1.036735e+00 1.950224e+01
2 200 41 2.962379e+00 1.062600e+01
2 200 41 2.961595e+00 1.065264e+01
2 200 41 2.945063e+00 1.061799e+01
2 200 41 2.989567e+00 1.062458e+01
2 200 41 2.957979e+00 1.063409e+01
4 200 42 1.934789e+00 5.608738e+00
4 200 42 1.928437e+00 5.594095e+00
4 200 42 1.930931e+00 5.650871e+00
4 200 42 1.955468e+00 5.622366e+00
4 200 42 1.931422e+00 5.614044e+00
8 200 45 1.373195e+00 3.270169e+00
8 200 45 1.379985e+00 3.288976e+00
8 200 45 1.383732e+00 3.276415e+00
8 200 45 1.374897e+00 3.281867e+00
8 200 45 1.370064e+00 3.275641e+00
16 200 45 1.229094e+00 1.991097e+00
16 200 45 1.231411e+00 2.074837e+00
16 200 45 1.252758e+00 1.989065e+00
16 200 45 1.231282e+00 2.061090e+00
16 200 45 1.225016e+00 2.050171e+00
