1 713456 41 2.548603e+01 4.011645e+01
1 713456 41 9.738134e+00 3.451524e+01
1 713456 41 9.715547e+00 3.446158e+01
1 713456 41 9.694690e+00 3.440854e+01
1 713456 41 9.971805e+00 4.361009e+01
2 713456 41 4.993513e+00 1.635887e+01
2 713456 41 4.954801e+00 1.638751e+01
2 713456 41 4.985259e+00 1.634176e+01
2 713456 41 4.980369e+00 1.638317e+01
2 713456 41 4.964657e+00 1.637521e+01
4 713456 42 2.921823e+00 8.464740e+00
4 713456 42 2.958611e+00 8.510236e+00
4 713456 42 2.942138e+00 8.486835e+00
4 713456 42 2.923913e+00 8.408802e+00
4 713456 42 2.964453e+00 8.451635e+00
8 713456 42 2.161041e+00 5.352574e+00
8 713456 42 2.136136e+00 5.220913e+00
8 713456 42 1.870653e+00 5.329077e+00
8 713456 42 2.140588e+00 5.270945e+00
8 713456 42 2.044741e+00 5.228565e+00
16 713456 42 2.005722e+00 4.572986e+00
16 713456 42 2.031132e+00 4.557169e+00
16 713456 42 1.980220e+00 4.546321e+00
16 713456 42 2.098658e+00 4.567077e+00
16 713456 42 2.024219e+00 4.620788e+00
