1 150 24 3.996149e+00 7.604559e+00
1 150 24 3.982671e+00 7.623573e+00
1 150 24 3.967159e+00 7.611306e+00
1 150 24 3.972195e+00 7.597983e+00
1 150 24 3.971661e+00 7.597223e+00
2 150 24 2.370925e+00 3.754906e+00
2 150 24 2.345153e+00 3.732575e+00
2 150 24 2.351620e+00 3.748921e+00
2 150 24 2.349612e+00 3.744566e+00
2 150 24 2.365922e+00 3.761640e+00
4 150 24 1.525453e+00 2.317826e+00
4 150 24 1.501618e+00 2.031293e+00
4 150 24 1.503223e+00 2.024257e+00
4 150 24 1.529684e+00 2.317464e+00
4 150 24 1.508726e+00 2.027868e+00
8 150 24 1.106842e+00 1.513217e+00
8 150 24 1.103719e+00 1.463856e+00
8 150 24 1.093761e+00 1.488692e+00
8 150 24 1.102208e+00 1.468587e+00
8 150 24 1.093651e+00 1.497517e+00
16 150 24 9.157799e-01 1.393604e+00
16 150 24 9.282014e-01 1.392629e+00
16 150 24 9.147460e-01 1.417208e+00
16 150 24 9.136091e-01 1.452708e+00
16 150 24 9.182416e-01 1.425612e+00
