1 150 7 2.788503e+01 2.183189e+01
1 150 7 2.779940e+01 2.187890e+01
1 150 7 2.797027e+01 2.178835e+01
1 150 7 2.787096e+01 2.191805e+01
1 150 7 2.776100e+01 2.191939e+01
2 150 8 1.840890e+01 1.183566e+01
2 150 8 1.845636e+01 1.184194e+01
2 150 8 1.846260e+01 1.181981e+01
2 150 8 1.858928e+01 1.180766e+01
2 150 8 1.845948e+01 1.188499e+01
4 150 8 9.854374e+00 6.117468e+00
4 150 8 9.830541e+00 6.147892e+00
4 150 8 9.817297e+00 6.097175e+00
4 150 8 9.862573e+00 6.062145e+00
4 150 8 9.922712e+00 6.107571e+00
8 150 8 5.648663e+00 3.456855e+00
8 150 8 5.678248e+00 3.431187e+00
8 150 8 5.704277e+00 3.416628e+00
8 150 8 5.711310e+00 3.420395e+00
8 150 8 5.704695e+00 3.408201e+00
16 150 8 3.566439e+00 2.310037e+00
16 150 8 3.629336e+00 2.317611e+00
16 150 8 3.597879e+00 2.273513e+00
16 150 8 3.527748e+00 2.240267e+00
16 150 8 3.543069e+00 2.255249e+00
