1 150 11 7.159551e+00 8.441325e+00
1 150 11 7.662878e+00 8.623376e+00
1 150 11 6.803691e+00 8.451875e+00
1 150 11 6.814699e+00 8.467013e+00
1 150 11 6.797425e+00 8.455022e+00
2 150 11 3.177169e+00 4.401651e+00
2 150 11 3.174361e+00 4.448022e+00
2 150 11 3.176074e+00 4.385518e+00
2 150 11 3.168098e+00 4.433642e+00
2 150 11 3.161861e+00 4.400620e+00
4 150 10 1.851855e+00 2.134660e+00
4 150 10 1.845811e+00 2.149204e+00
4 150 10 1.827377e+00 2.123705e+00
4 150 10 1.852224e+00 2.133023e+00
4 150 10 1.884659e+00 2.137648e+00
8 150 10 1.192365e+00 1.410554e+00
8 150 10 1.207684e+00 1.396365e+00
8 150 10 1.199193e+00 1.395133e+00
8 150 10 1.200215e+00 1.393933e+00
8 150 10 1.215485e+00 1.402738e+00
16 150 11 9.994290e-01 1.479828e+00
16 150 11 9.974380e-01 1.485171e+00
16 150 11 1.004203e+00 1.499340e+00
16 150 11 9.912779e-01 1.531455e+00
16 150 11 9.873750e-01 1.486424e+00
